E quity Research 2024.1.9
(Analyst) jay.ryu@miraeasset.com
086280
2024 ,
( ) (24/1/8)
250,000 41.5% 176,700
KOSPI 2,567.82 ( ) 6,626 ( ) 38 (%) 48.3
Report summary
4Q23 Preview:
4Q23 6 2,624 (-8.1% YoY) .
3,857 (4,146 ) . ( 1,776 )
. ( 597
) , (PCTC) .
250,000 :
250,000 . PER 5.7 , PBR 0.8
. 1) , 2) . 2023
. , PBR
1 .
Key data
Price performance Earnings and valuation metrics
(12 ) 2021 2022 2023F 2024F 2025F
( ) 21,780 26,982 25,428 25,320 26,113
( ) 1,126 1,799 1,589 1,644 1,704
(%) 5.2 6.7 6.2 6.5 6.5
( ) 783 1,190 1,081 1,163 1,279
EPS ( ) 20,877 31,729 28,833 31,004 34,116
ROE (%) 14.4 18.8 14.7 13.9 13.7
P/E ( ) 8.0 5.2 6.6 5.7 5.2
(%) 1M 6M 12M P/B ( ) 1.1 0.9 0.9 0.8 0.7
0.2 -9.7 9.1 (%) 2.3 3.5 3.1 3.6 3.8
-1.8 -11.1 -2.7 : K-IFRS ,
: ,
130
120
110
100
90
8023.1
현 대 글 로
23.5
비 스
23.9
KO SPI
24.1
2024.1.9
4Q23 Preview:
4Q23 6 2,624 (-8.1% YoY), 3,857
(-13.5% YoY) . ,
, .
2 2,821 .
.
. ( 1 210 )
. 3Q23 CKD
, (2 5,515 )
.
3,857 (4,146 )
. ( 1,776 )
. ( 597 )
, (PCTC) .
1. 4Q23 ( , %, %p)
4Q23F
4Q22 3Q23
YoY QoQ
6,812 6,330 6,262 6,645 -8.1 -1.1
446 384 386 414.6 -13.5 0.4
(%) 6.5 6.1 6.2 6.2 -0.4 0.1
452 349 355 399 -21.5 1.7
359 244 267 304 -25.5 9.6
: K-IFRS ,
: , WiseFn,
2. ( , %)
23F 24F 23F 24F 23F 24F
25,523 25,146 25,428 25,320 -0.4 0.7
1,604 1,674 1,589 1,644 -1.0 -1.8 , CKD
1,461 1,575 1,452 1,576 -0.6 0.1
1,088 1,162 1,081 1,163 -0.6 0.1
EPS ( ) 29,002 30,984 28,833 31,004 -0.6 0.1
: K-IFRS ,
: ,
2 Mirae Asset Securities Research
2024.1.9
2024 ,
2023 2H23 2024
.
.
, (CKD ), (
) 2024 .
.
2023 1 2024 8
. 7~8,000CEU . ,
.
3. ( , %)
1Q23 2Q23 3Q23 4Q23F 1Q24F 2Q24F 3Q24F 4Q24F 2023F 2024F 2025F
6,301 6,535 6,330 6,262 6,387 6,429 6,257 6,246 25,428 25,320 26,113
2,151 2,257 2,244 2,282 2,220.3 2,340 2,284 2,318 8,928 9,163 9,624
476 500 476 502 495 530 459 485 1,954 1,969 2,072
1,675 1,757 1,768 1,780 1,725 1,810 1,825 1,833 6,974 7,194 7,552
1,055 1,053 1,036 1,021 1,085 1,021 1,028 1,061 4,119 4,195 4,195
PCC 764 779 768 777 830 821 827 815 3,088 3,293 3,471
Bulk 291 274 268 244 255 200 201 246 1,031 901 724
3,141 3,225 3,050 2,959 3,082 3,068 2,945 2,868 12,375 11,963 12,125
CKD 2,645 2,690 2,572 2,515 2,606 2,553 2,489 2,442 10,421 10,090 10,320
170 181 182 165 146 158 157 143 697 604 523
327 354 296 280 330 358 299 283 1,257 1,269 1,282
407 413 384 386 388 414 415 427 1,589 1,644 1,704
168 213 190 178 155 191 187 167 756 700 744
106 74 52 60 98 79 90 109 291 376 319
133 125 142 148 135 144 138 151 542 568 642
357 391 349 355 382 392 394 408 1,452 1,576 1,736
( ) 281 289 244 267 284 287 288.8 302 1,081 1,163 1,279
(%) 6.5 6.3 6.1 6.2 6.1 6.4 6.6 6.8 6.2 6.5 6.5
(%) 5.7 6.0 5.5 5.7 6.0 6.1 6.3 6.5 5.7 6.2 6.6
( ,%) 4.5 4.4 3.9 4.3 4.5 4.5 4.7 4.9 4.3 4.6 4.9
: K-IFRS ,
: , WiseFn,
Mirae Asset Securities Research 3
2024.1.9
250,000
250,000 . PER 5.7
, PBR 0.8 . 1) . 2)
.
, 2024 2023
.
. , PBR 1
.
1. PER 2. PBR
: Quantiwize, : Quantiwize,
3. vs.
(%) ( )
M/S (L) (R)
11 350
300
10
250
9
200
8
150
7
100
6
50
5 0
06 07 08 09 10 11 12 13 14 15 16 17 18 19 20 21 22 23
: ,
4 Mirae Asset Securities Research
6
5
4
3
2
1
0
0
0
0
0
0
0
0
0
0
0
0
(
,0 0
,0 0
,0 0
,0 0
,0 0
,0 0
)
0
0
0
0
0
0
0
1 8 1 9 2 0 2 1 2 2 2 3 2 4
1
1
4
1
9
7
4
.0
.7
.3
.0
.7
x
x
x
x
x
4
4
3
3
2
2
1
1
5
0
5
0
5
0
5
0
5
0
0
0
0
0
0
0
0
0
(
,0 0
,0 0
,0 0
,0 0
,0 0
,0 0
,0 0
,0 0
,0 0
)0
0
0
0
0
0
0
0
0
0
1 8 1 9 2 0 2 1 2 2 2 3 2 4
1
1
1
0
0
.5
.3
.0
.8
.6
x
x
x
x
x
2024.1.9
4. 5.
: , : ,
6. , 7. PCC
: Clarksons, : Clarksons,
8. PCC
: Bloomberg,
Mirae Asset Securities Research 5
(
1 ,4
1 ,2
1 ,0
8
6
4
2
(%
3 9
3 7
3 5
3 3
3 1
2 9
2 7
2 5
0 0
0 0
0 0
0 0
0 0
0 0
0 0
0
F le
1 9
)
1 Q
e t T
2
E
0
U )
2 0
4 Q 2 0
2
3
1
Q
(L
2 1
(L )
)
2
2
Q
2
2 2
(R )
1 Q
2
(R
2 3
3
)
(% F
4
le
Q
e
2 3
t D
2 4
(% )
1 4
1 2
1 0
8
6
4
2
0
F
W T )
3 5
3 3
3 1
2 9
2 7
2 5
(
2 ,0
1 ,8
1 ,6
1 ,4
1 ,2
1 ,0
8
6
4
2
(%
3 5
3 0
2 5
2 0
1 5
1 0
)
0 0
0 0
0 0
0 0
0 0
0 0
0 0
0 0
0 0
0 0
0
F le e
1 9
1
t)
0 1 1 1
2
2
0
1 3 1 4 1 5
2
(L
1
1
)
6 1 7 1 8 1 9
2 2
2 0
(R )
2 1 2 2
2 3
2 3 F 2 4 F
(% )
8 0
6 0
4 0
2 0
0
- 2 0
- 4 0
2 4
(%)
O.S.K
35
K Line
30
25
20
15
10
5
0
-5
-10
-15
-20
3Q18 1Q19 3Q19 1Q20 3Q20 1Q21 3Q21 1Q22 3Q22 1Q23 3Q23
2024.1.9
9. PCC
: Clarksons,
10.
(Index.Avg. 2014=100)
2019 2020 2021 2022 2023
140
120
100
80
60
40
20
0
Jan Feb Mar Apr May Jun Jul Aug Sep Oct Nov Dec
: Clarksons,
6 Mirae Asset Securities Research
(
1
1
1
4
2
0
8
6
4
2
0
0
0
0
0
0
0
/
,0 0
,0 0
,0 0
,0 0
,0 0
,0 0
,0 0
)
0
0
0
0
0
0
0
0
1 0 1 1 1 2 1 3
P
1
C
4
T C 6 ,5 0
1 5
0 C E
1
U
6 1 7 1
P
8
C T C 5
1 9
,0 0 0 C
2 0
E U
2 1 2 2 2 3 2 4
2024.1.9
(086280)
( ) ( )
( ) ( )
26,982 25,428 25,320 26,113 8,182 8,163 8,652 8,926
24,680 23,334 23,164 23,877
2,302 2,094 2,156 2,236
503 505 512 532
1,799 1,589 1,644 1,704
1,799 1,589 1,644 1,704 5,696 5,671 5,681 5,648
-202 -137 -68 32
13,878 13,834 14,333 14,574
4,344 3,319 3,196 3,295
1,193 1,090 1,172 1,290
2,654 2,603 2,278 1,366
1,209 1,195 1,172 1,290
6,998 5,922 5,474 4,661
6,866 7,887 8,825 9,868
EBITDA
FCF
EBITDA (%)
(%) 14 24 34 45
(%) 6,880 7,911 8,859 9,913
( ) valuation ( )
( )
1,559 2,123 1,735 1,798 P/E (x)
P/CF (x)
P/B (x)
EV/EBITDA (x)
EPS ( )
CFPS ( )
BPS ( )
( ) DPS ( )
( ) (%)
( ) (%)
(%)
-527 -342 -646 -518 EBITDA (%)
( ) (%)
( ) EPS (%)
( ) ( )
( )
-438 -1,444 -665 -1,150 ( )
( ) ROA (%)
( ) ROE (%)
ROIC (%)
(%)
414 300 426 111 (%)
/ (%)
/ (x)
: ,
Mirae Asset Securities Research 7
2024.1.9
(%)
( )
( )
(086280)
2023.01.10 250,000 - -
2022.04.29 270,000 -33.45 -21.48
2022.01.29 1 240,000 -24.19 -15.00
2021.01.29 240,000 -23.28 -6.67
* : , 1
: 12 20% : 12
Trading Buy : 12 10% : 12
: 12 -10~10% : 12
: 12 -10%
( ), Trading Buy( ), ( ), ( ), ( ), (▬), Not covered( )
( ) Trading Buy( ) ( )
88.81% 7.24% 3.29% 0.66%
* 2023 09 30 1
Compliance Notice
- ( ) (LP) .
- 3 .
- .
- .
,
.
. .
8 Mirae Asset Securities Research
3
2
2
1
1
0
5
0
5
0
5
(원
0 ,0
0 ,0
0 ,0
0 ,0
0 ,0
0 ,0
)0
0
0 0
0 0
0 0
0 0
0 0
0
2 2 .1
현
2
대 글
3 .1
로 비 스
2 4 .1
