E quity Research 2024.1.16
(Analyst) soojin.kim@miraeasset.com
032640
LG
( ) (24/1/15)
15,000 ▼ 49.9% 10,010
KOSPI 2,525.99 ( ) 4,370 ( ) 437 (%) 38.5
Report summary
4Q 3.7 (+2.6% YoY) 1.3%
, . OTT
VOD 4% YoY .
2,530 (-11.6% YoY) 4.3% . 4Q
, .
15,000 11% ,
B2B AICC 8% ,
. 5G 6 .
FY24 EBITDA 2% 15,000 , .
Key data
Price performance Earnings and valuation metrics
(12 ) 2021 2022 2023F 2024F 2025F
( ) 13,851 13,906 14,258 14,380 14,600
( ) 979 1,081 1,056 1,081 1,180
(%) 7.1 7.8 7.4 7.5 8.1
( ) 712 663 679 646 729
EPS ( ) 1,632 1,519 1,556 1,479 1,671
ROE (%) 9.5 8.4 8.1 7.4 8.0
P/E ( ) 8.3 7.3 6.6 6.8 6.0
(%) 1M 6M 12M P/B ( ) 0.8 0.6 0.5 0.5 0.5
-3.1 -6.6 -7.7 (%) 4.0 5.9 6.4 6.5 6.5
-1.7 -2.8 -12.9 : K-IFRS ,
: LG ,
120
110
100
90
8023.1
LG유 플
23.5
러 스
23.9
KOSPI
24.1
LG 2024.1.16
1. LG ( )
1Q23 2Q23 3Q23 4Q23F 1Q24F 2Q24F 3Q24F 4Q24F 2022 2023F 2024F
( ) 3,541 3,429 3,581 3,706 3,634 3,516 3,583 3,647 13,905 14,258 14,380
LG ( ) 3,281 3,163 3,308 3,422 3,355 3,247 3,308 3,367 12,782 13,173 13,278
1,561 1,576 1,587 1,601 1,632 1,524 1,610 1,633 6,177 6,325 6,400
594 603 607 605 604 600 605 599 2,345 2,410 2,407
IPTV 334 337 338 333 334 329 333 329 1,326 1,342 1,325
261 266 269 272 270 271 272 270 1,018 1,068 1,082
93 92 90 98 88 88 87 91 395 372 354
368 409 404 478 385 421 422 489 1,584 1,660 1,717
IDC 77 80 83 90 93 92 99 107 281 330 390
189 201 192 203 190 201 195 207 779 784 794
3,281 3,141 3,327 3,453 3,379 3,256 3,328 3,336 12,825 13,202 13,300
449 441 461 479 480 484 476 490 1,706 1,830 1,930
507 519 516 519 520 521 521 522 2,117 2,060 2,084
520 529 535 551 542 551 591 517 2,095 2,135 2,200
260 288 254 253 254 260 255 311 1,081 1,056 1,081
7.3% 8.4% 7.1% 6.8% 7.0% 7.4% 7.1% 8.5% 7.8% 7.4% 7.5%
EBITDA 781 817 790 804 796 811 845 828 3,176 3,190 3,280
20,555 21,677 23,820 22,392 22,447 22,433 22,387 22,508
5G 6,419 6,679 6,819 7,092 7,340 7,595 7,852 8,121
ARPU(MVNO ) 30,527 30,403 29,337 29,881 30,400 30,913 30,163 30,361
: LG ,
2. LG ( ) ( )
4Q23F 2023F 2024F 4Q23F 2023F 2024F 4Q23F 2023F 2024F
3,763 14,315 14,626 3,706 14,258 14,380 -1.5% -0.4% -1.7%
( ) 1,625 6,349 6,436 1,601 6,325 6,400 -1.5% -0.4% -0.6%
616 2,420 2,457 605 2,410 2,407 -1.7% -0.4% -2.0%
98 372 354 98 372 354 0.0% 0.0% 0.0%
454 1,636 1,694 478 1,660 1,717 5.4% 1.5% 1.4%
3,499 13,248 13,515 3,453 13,202 13,300 -1.3% -0.3% -1.6%
519 2,060 2,084 519 2,060 2,084 0.0% 0.0% 0.0%
559 2,144 2,238 551 2,135 2,200 -1.5% -0.4% -1.7%
264 1,067 1,111 253 1,056 1,081 -4.3% -1.1% -2.8%
7.0% 7.5% 7.6% 6.8% 7.4% 7.5% -2.8% -0.7% -1.1%
EBITDA 824 3,210 3,349 804 3,190 3,280 -2.4% -0.6% -2.0%
: LG ,
3. LG ( )
4Q23F 2024F
YoY % % YoY % %
3,706 2.6% 3,692.1 0.4% 14,380 0.9% 14,616.8 -1.6%
253 3.9% 262.1 -3.5% 1,081 0.7% 1,099.8 -1.8%
157 -1.4% 146.7 7.0% 646 -4.9% 689.8 -6.3%
: LG , fnguide,
2 Mirae Asset Securities Research
LG 2024.1.16
4.
fwd EBITDA 3,280.3 FY24 EBITDA
Target EV/EBITDA 3.83 LTE 5~7 fwd EV/EBITDA
(EV) 12,563.6
(- ) 6,048.0
6,515.6
0.4
( ) 15,000.0
( ) 10,010
49.9%
: LG ,
1. DPS
: LG ,
Mirae Asset Securities Research 3
8
7
6
5
4
3
2
1
(
0 0
0 0
0 0
0 0
0 0
0 0
0 0
0 0
0
)
2 .8 6 %
4 0 0
2 0 1 7
D
2
P S (L
.2 7 %
4 0 0
)
2 .8 2 %
4 0 0
2 0 1 9
3 .8 3 %
4 5 0
(R )
4 .0 4 %
5 5 0
2 0 2 1
5 .8 8 %
6 5 0
6 .5
6 6
2 0 2
%
0
3 E
6 .7
6 8
%
0
8
7
6
5
4
3
2
1
0
%
%
%
%
%
%
%
%
%
LG 2024.1.16
LG (032640)
( ) ( )
( ) ( )
13,906 14,258 14,380 14,600 5,043 5,147 4,872 5,256
0 0 0 0
13,906 14,258 14,380 14,600
12,825 13,202 13,299 13,420
1,081 1,056 1,081 1,180
1,081 1,056 1,081 1,180 14,731 14,814 15,381 15,628
-224 -210 -252 -253
19,775 19,961 20,253 20,883
4,818 5,086 5,031 5,168
663 682 645 728
6,507 6,043 6,025 6,070
753 684 645 728
11,325 11,129 11,056 11,238
8,165 8,549 8,915 9,366
EBITDA
FCF
EBITDA (%)
(%) 285 283 282 280
(%) 8,450 8,832 9,197 9,646
( ) valuation ( )
( )
3,505 3,347 3,270 3,388 P/E (x)
P/CF (x)
P/B (x)
EV/EBITDA (x)
EPS ( )
CFPS ( )
BPS ( )
( ) DPS ( )
( ) (%)
( ) (%)
(%)
-2,867 -3,327 -3,043 -3,080 EBITDA (%)
( ) (%)
( ) EPS (%)
( ) ( )
( )
-574 -753 -283 -271 ( )
( ) ROA (%)
( ) ROE (%)
ROIC (%)
(%)
64 -8 -206 214 (%)
/ (%)
/ (x)
: LG ,
4 Mirae Asset Securities Research
LG 2024.1.16
▬
Mirae Asset Securities Research 5
2
2
1
1
5
0
5
0
5
(원
,0 0
,0 0
,0 0
,0 0
,0 0
)0
0
0
0
0
0
2 2 .1
L
2
G
3
유
.1
플 러 스
2 4 .1
