E quity Research 2024.1.12
(Analyst) jinho.lee.z@miraeasset.com
(RA) taehyoung.kim@miraeasset.com
009830
4 2024
( ) (24/1/11)
51,000 ▲ 36.0% 37,500
KOSPI 2,540.27 ( ) 6,446 ( ) 172 (%) 23.6
Report summary
5.1 ,
4 , 2024
. 1) , 2)
, 2 .
.
4Q23 Preview: 4
4Q23 1,378 22.1% .
424% ,
( ) .
Key data
Price performance Earnings and valuation metrics
160 한화솔루션 KOSPI (12 ) 2021 2022 2023F 2024F 2025F
140 ( ) 10,725 13,654 13,006 12,299 14,650
120 ( ) 738 966 702 1,233 2,480
100 (%) 6.9 7.1 5.4 10.0 16.9
80 ( ) 619 359 140 227 461
60 EPS ( ) 3,301 1,864 788 1,300 2,642
23.1 23.5 23.9 24.1
ROE (%) 8.8 4.2 1.6 2.6 5.2
P/E ( ) 10.8 23.1 50.1 28.9 14.2
(%) 1M 6M 12M P/B ( ) 0.8 0.9 0.8 0.7 0.7
19.4 -12.3 -19.8 (%) 0.0 0.0 0.0 0.0 0.0
18.7 -11.5 -25.5 : K-IFRS ,
: ,
2024.1.12
4Q23 Preview: 4
4Q23 1,378 22.1%
.
.
1,819 424%
. 3 , 4
.
.
.
364 . PE PVC
27.7%, 22.1% .
( )
2024 : ,
2024 1 2,328 21%
(AMPC 5,834 ). 4 ,
7 . 24
, AMPC . 22
/ 24 6 . 2
.
2 Mirae Asset Securities Research
2024.1.12
5.1 ,
5.1 10.9% , . 4
, 2024
.
2 . 1
. 2 (Q)
/ (P) .
. IRA
.
.
. Microsoft
EPC ,
.
( , , , %)
1 2
(2020.1.1=10 (2022.1.4=100) LONGi
600 OCI 280 JinkoSolar Canadian Solar
First Solar SolarEdge
500
230
400
180
300
130
200
80
100
0 30
20 21 22 23 24 22.1 22.4 22.7 22.10 23.1 23.4 23.7 23.10 24.1
: FnGuide, : Factset,
Mirae Asset Securities Research 3
2024.1.12
3 4
: Sunsirs, : PV Insight,
5 6
: KITA, PV Insight, : Bloomberg,
7 8
: , : ,
4 Mirae Asset Securities Research
(R
2
2
2
2
1
1
1
1
1
1
1
(2
2 0
1 8
1 6
1 4
1 2
1 0
8
6
4
M
3
2
1
0
9
8
7
6
5
4
3
0
0
0
0
0
0
0
0
0
0
B / M T )
,0 0 0
,0 0 0
,0 0 0
,0 0 0
,0 0 0
,0 0 0
,0 0 0
,0 0 0
,0 0 0
,0 0 0
,0 0 0
2 2 .8
2 2 .1 = 1 0 0
2 2 .1
)
2
2 2
2 .4
.1 0 2 2 .1
2 2 .7
2
2
2
2
3 .2
.1 0
(R
(L
2 3 .4
)
)
2 3 .1
2 3
2
.6
3 .4
2 3 .8
2 3 .7
2 3 .1
2
0
3
2 3
(L
.1 0
.1 2
(
) 3
3
2
2
1
1
5
0
)
5
0
5
0
5
0
(2 0 2 0 .1
6 0 0
5 0 0
4 0 0
3 0 0
2 0 0
1 0 0
0
2
(p t)
6 ,0 0 0
4 ,0 0 0
2 ,0 0 0
0
2
=
0
0
1 0
.1
0 )
2 0 .7
2 1
2 1 .1 2 1 .7 2
2
2
2
.1 2 2 .7 2
2
3
3
.1 2 3 .7 2
2 4
4 .1
(USD/MT) (USD/MT)
1,500
800
1,300
600
1,100
900 400
700
200
500
300 0
19 20 21 22 23 24 19 20 21 22 23 24
2024.1.12
(009830)
( ) ( )
( ) ( )
13,654 13,006 12,299 14,650 8,573 9,817 8,692 10,370
10,853 10,642 9,403 10,507
2,801 2,364 2,896 4,143
1,835 1,662 1,662 1,662
966 702 1,233 2,480
966 702 1,233 2,480 13,634 14,023 15,595 15,744
-397 -375 -213 -406
23,832 25,514 25,961 27,787
6,808 7,231 7,457 7,514
366 212 796 1,618
5,685 7,226 6,651 6,803
585 434 796 1,618
13,935 15,938 15,589 15,798
8,921 8,452 8,679 9,139
EBITDA
FCF
EBITDA (%)
(%) 976 1,124 1,693 2,850
(%) 9,897 9,576 10,372 11,989
( ) valuation ( )
( )
116 270 2,088 2,435 P/E (x)
P/CF (x)
P/B (x)
EV/EBITDA (x)
EPS ( )
CFPS ( )
BPS ( )
( ) DPS ( )
( ) (%)
( ) (%)
(%)
-1,477 -2,845 -2,698 -449 EBITDA (%)
( ) (%)
( ) EPS (%)
( ) ( )
( )
2,322 2,007 -422 -867 ( )
( ) ROA (%)
( ) ROE (%)
ROIC (%)
(%)
965 227 -539 487 (%)
/ (%)
/ (x)
: ,
Mirae Asset Securities Research 5
2024.1.12
(%)
( )
( )
(009830)
2024.01.12 51,000 - -
2023.11.23 46,000 -24.20 -14.13
2023.11.01 40,000 -19.93 -14.25
2023.07.31 45,000 -26.61 -13.22
2023.04.28 73,000 -38.71 -33.29
2023.02.17 60,000 -23.15 -8.17
2022.10.07 66,000 -27.74 -18.18
2022.07.29 64,000 -23.83 -14.69
2022.05.30 55,000 -33.48 -23.18
* : , 1
: 12 20% : 12
Trading Buy : 12 10% : 12
: 12 -10~10% : 12
: 12 -10%
( ), Trading Buy( ), ( ), ( ), ( ), (▬), Not covered( )
( ) Trading Buy( ) ( )
88.81% 7.24% 3.29% 0.66%
* 2023 09 30 1
Compliance Notice
- ( ) (LP) .
- 3 .
- .
- .
,
.
. .
6 Mirae Asset Securities Research
8
6
4
2
0
0
0
0
(원
,0 0
,0 0
,0 0
,0 0
)0
0
0
0
0
2 2 .1
한
2 3
화
.1
솔 루 션
2 4 .1
