E quity Research 2024.2.1
(Analyst) younggun.kim.a@miraeasset.com
005930
( ) (24/1/31)
105,000 44.4% 72,700
KOSPI 2,497.09 ( ) 434,003 ( ) 5,970 (%) 54.4
Report summary
4Q23
.
. 4 Bit growth
. DRAM NAND +30% .
. DRAM 1Q24, NAND
: , 105,000
1Q24 2Q24 . ,
. 3
2 . HBM
. .
Key data
Price performance Earnings and valuation metrics
(12 ) 2021 2022 2023F 2024F 2025F
( ) 279,605 302,231 258,936 305,061 349,944
( ) 51,634 43,377 6,562 32,525 53,907
(%) 18.5 14.4 2.5 10.7 15.4
( ) 39,244 54,730 15,553 52,294 86,159
EPS ( ) 5,777 8,057 2,290 7,699 12,684
ROE (%) 13.9 17.1 4.4 13.7 19.6
P/E ( ) 13.6 6.9 34.3 9.4 5.7
(%) 1M 6M 12M P/B ( ) 1.8 1.1 1.5 1.2 1.0
-7.4 4.2 19.2 (%) 1.8 2.6 1.8 2.0 2.0
-1.5 9.8 15.7 : K-IFRS ,
: ,
130
120
110
100
90
8023.1
삼 성 전
23.5
자
23.9
KOSPI
24.1
2024.2.1
4Q23
DRAM
4Q23 1/6 ( ) 67.8 (YoY -
3.8%, QoQ +0.6%), 2.8 (YoY -34.5%, QoQ -15.9%) .
DS -2.2 , MX/NW 2.7 , SDC 2.0 , VD/DA -0.1 ,
0.3 . DS DRAM 1.1 , NAND -2.3 ,
Foundry/LSI -0.9 .
.
. 4 Bit growth .
DRAM NAND +30% .
. DRAM 1Q24 , NAND
.
?
, 1Q24 2Q24
. PC/
1 ~ 2
. 1Q24 Bit growth DRAM -
15%, NAND -4% . DRAM 2Q24
.
.
. ,
Capa HBM .
2 , 3
2 .
.
HBM .
. HBM3 3Q23
4Q23 . HBM3E 8
, 1H24 . HBM3+3E
1H24 50%, 2H24 90% . 12 1Q24
. HBM4 25 , 26 . (
) .
2 Mirae Asset Securities Research
2024.2.1
4Q23 1Q24 25.8% .
SDC( ) . DS 1Q24
. DRAM . 1
23
. , 24F (-1.5%). DRAM
. DRAM , HBM3/3E
.
, 105,000 .
1.
( , %) 1Q23 2Q23 3Q23 4Q23P 1Q24F 2Q24F 3Q24F 4Q24F 2022 2023F 2024F 2025F
63.7 60.0 67.4 67.8 71.8 71.8 81.4 80.1 302.2 258.9 305.1 349.9
YoY -18.0 -22.3 -12.2 -3.8 12.7 19.6 20.7 18.1 8.1 -14.3 17.8 14.7
QoQ -9.5 -5.9 12.3 0.6 6.0 -0.1 13.4 -1.6
DX 46.2 40.2 44.0 39.6 47.8 43.8 48.7 46.0 182.5 170.0 186.4 205.8
VD/DA 14.1 14.4 13.7 14.3 13.5 14.5 14.5 15.3 60.6 56.4 57.8 61.9
MX/NW 31.8 25.6 30.0 25.0 34.1 29.1 34.0 30.4 120.8 112.4 127.6 143.0
DS 13.7 14.7 16.4 21.7 21.4 23.4 25.5 25.8 98.5 66.6 96.1 119.0
Memory 8.9 9.0 10.5 15.7 15.2 16.6 18.3 17.6 68.5 44.1 67.6 86.2
DRAM 5.3 6.0 6.9 10.6 9.9 10.9 12.0 11.8 44.1 28.7 44.7 58.5
NAND 3.7 3.8 3.8 5.3 5.4 5.8 6.4 5.9 25.6 16.6 23.5 28.3
Foundry/LSI 4.8 5.8 5.9 6.0 6.2 6.8 7.2 8.3 29.9 22.5 28.5 32.8
SDC 6.6 6.5 8.2 9.7 6.8 6.8 9.6 10.3 34.4 31.0 33.5 38.1
Harman 3.2 3.5 3.8 3.9 3.5 3.7 3.9 3.9 13.2 14.4 15.0 15.7
0.6 0.7 2.4 2.8 4.2 6.7 10.1 11.6 43.4 6.6 32.5 53.9
YoY -95.5 -95.3 -77.6 -34.5 552.1 903.6 314.2 309.9 -16.0 -84.9 395.6 65.7
QoQ -85.1 4.4 264.0 15.9 48.0 60.7 50.2 14.7
DX 4.2 3.8 3.7 2.6 4.0 3.5 4.0 3.7 12.7 14.4 15.1 16.9
VD/DA 0.2 0.7 0.4 -0.1 0.3 0.3 0.4 0.6 1.4 1.3 1.6 2.8
MX/NW 3.9 3.0 3.3 2.7 3.7 3.2 3.6 3.0 11.4 13.0 13.5 14.1
DS -4.6 -4.4 -3.8 -2.2 -0.5 2.0 3.4 4.9 23.8 -14.9 9.8 27.8
Memory -4.3 -4.0 -3.1 -0.9 0.3 1.5 2.9 3.5 21.0 -12.2 8.3 23.0
DRAM -1.3 -0.5 -0.4 1.1 2.2 2.6 3.3 3.9 17.9 -1.2 11.9 22.3
NAND -3.0 -3.4 -2.7 -2.0 -1.8 -1.0 -0.3 -0.4 3.2 -11.0 -3.6 0.7
Foundry/LSI -0.3 -0.4 -0.7 -1.3 -0.8 0.5 0.5 1.4 2.8 -2.7 1.5 4.8
SDC 0.8 0.8 1.9 2.0 0.4 0.8 2.2 2.6 6.0 5.6 5.9 7.5
Harman 0.1 0.3 0.5 0.3 0.3 0.4 0.4 0.4 0.9 1.2 1.5 1.6
1.0 1.1 3.6 4.2 5.8 9.3 12.4 14.4 14.4 2.5 10.7 15.4
DX 9.1 9.5 8.5 6.6 8.4 7.9 8.2 7.9 7.0 8.5 8.1 8.2
VD/DA 1.3 5.1 2.8 -0.4 2.0 2.0 3.0 4.0 2.2 2.2 2.8 4.5
MX/NW 12.4 11.9 11.0 10.9 10.9 10.9 10.5 10.0 9.4 11.6 10.6 9.9
DS -33.4 -29.6 -22.8 -10.1 -2.3 8.7 13.3 19.0 24.2 -22.3 10.2 23.4
Memory -47.8 -44.3 -29.2 -5.7 2.1 9.3 16.0 20.0 30.7 -27.7 12.3 26.7
DRAM -24.0 -9.0 -6.0 10.0 21.8 23.4 27.1 33.2 40.6 -4.1 26.6 38.0
NAND -80.0 -90.0 -70.0 -37.0 -34.1 -17.4 -5.1 -6.9 12.3 -66.3 -15.2 2.6
Foundry/LSI -6.6 -6.8 -11.5 -21.1 -13.1 7.0 6.4 17.0 9.3 -11.8 5.3 14.7
SDC 11.7 13.0 23.5 20.8 5.2 11.2 23.3 25.0 17.3 18.0 17.7 19.6
Harman 4.1 7.2 11.8 8.7 8.1 11.5 10.4 9.7 6.7 8.1 10.0 10.3
:
Mirae Asset Securities Research 3
2024.2.1
2.
1Q23 2Q23 3Q23 4Q23P 1Q24F 2Q24F 3Q24F 4Q24F 2022 2023F 2024F 2025F
TV
( ) 9.8 8.6 9.5 10.6 9.2 9.2 10.2 10.7 41.4 38.5 39.3 41.3
YoY/QoQ -15.0 -12.0 10.0 12.0 -13.0 0.0 10.0 5.0 -7.8 -7.1 2.1 5.3
ASP(US$) 596 640 589 598 616 646 595 607 623 605 615 629
YoY/QoQ 2.1 7.3 -7.9 1.4 3.0 5.0 -8.0 2.0 1.9 -3.0 1.7 2.2
Smartphone
( ) 60.0 53.0 59.0 53.0 61.0 56.7 60.1 57.1 258.0 225.0 234.8 247.7
YoY/QoQ 3.4 -11.7 11.3 -10.2 15.0 -7.0 6.0 -5.0 -4.7 -12.8 4.4 5.5
ASP(US$) 325 269 295 258 335 285 314 282 271 288 305 323
YoY/QoQ 35.4 -17.2 9.7 -12.5 30.0 -15.0 10.0 -10.0 0.0 6.3 5.8 6.1
Mobile OLED
( ) 69.4 71.5 82.3 100.4 72.3 74.4 89.3 98.2 367.7 323.6 334.2 349.3
YoY/QoQ -25.0 3.0 15.0 22.0 -28.0 3.0 20.0 10.0 - -12.0 3.3 4.5
ASP(US$) 72.5 66.9 73.9 69.9 66.4 64.4 77.3 75.8 69.7 70.8 71.6 74.8
YoY/QoQ 3.4 -7.8 10.5 -5.4 -5.0 -3.0 20.0 -2.0 - 1.5 1.2 4.4
DRAM
Bit shipments( Gb) 17.5 20.1 22.1 29.9 25.4 26.7 27.5 24.7 81.6 89.7 104.3 121.4
Bit growth -12.0 15.0 10.0 35.0 -15.0 5.0 3.0 -10.0 -1.6 9.8 16.3 16.4
ASP($/Gb) 0.24 0.22 0.24 0.27 0.29 0.31 0.33 0.36 0.42 0.24 0.32 0.37
ASP change -14.5 -5.5 5.4 13.0 10.0 5.0 7.0 9.0 -14.0 -42.1 32.2 14.6
NAND
Bit shipments( GB) 60.8 64.5 62.5 80.1 76.9 79.2 83.1 74.8 233.7 267.9 314.0 354.9
Bit growth 2.0 6.0 -3.0 28.0 -4.0 3.0 5.0 -10.0 4.0 14.7 17.2 13.0
ASP($/GB) 0.05 0.04 0.05 0.05 0.05 0.06 0.06 0.06 0.09 0.05 0.06 0.06
ASP change -17.5 -6.6 3.1 8.0 6.0 4.0 6.0 2.0 -16.7 -44.7 19.1 8.2
:
4 Mirae Asset Securities Research
2024.2.1
3.
1Q24F 2024F 2025F 1Q24F 2024F 2025F 1Q24F 2024F 2025F
71.8 305.1 349.9 73.0 308.6 347.1 -1.6 -1.1 0.8
DX 47.8 186.4 205.8 46.2 183.1 198.8 3.6 1.8 3.5
VD/DA 13.5 57.8 61.9 13.8 62.9 66.8 -2.2 -8.1 -7.4
MX/NW 34.1 127.6 143.0 32.0 119.0 130.7 6.3 7.2 9.3
DS 21.4 96.1 119.0 21.9 101.3 122.7 -2.2 -5.2 -3.0
Memory 15.2 67.6 86.2 14.7 68.4 84.7 3.3 -1.2 1.7
DRAM 9.9 44.7 58.5 9.5 43.1 52.7 4.6 3.7 11.1
NAND 5.4 23.5 28.3 5.3 25.9 32.7 0.9 -9.3 -13.5
Foundry/LSI 6.2 28.5 32.8 7.2 33.0 37.9 -13.5 -13.5 -13.5
SDC 6.8 33.5 38.1 7.8 33.4 35.9 -13.7 0.2 6.2
Harman 3.5 15.0 15.7 3.7 15.8 16.6 -5.2 -5.2 -5.2
4.2 32.5 53.9 5.6 33.0 49.6 -25.8 -1.5 8.7
DX 4.0 15.1 16.9 3.8 14.8 16.0 5.4 2.6 5.4
VD/DA 0.3 1.6 2.8 0.3 1.8 3.0 -2.2 -8.9 -7.5
MX/NW 3.7 13.5 14.1 3.5 13.0 13.0 6.0 4.1 8.4
DS -0.5 9.8 27.8 0.0 10.0 24.4 TTR -1.1 14.1
Memory 0.3 8.3 23.0 0.1 8.1 21.1 312.2 2.2 8.9
DRAM 2.2 11.9 22.3 1.9 12.6 21.0 16.0 -5.8 6.1
NAND -1.8 -3.6 0.7 -1.8 -4.5 0.1 RR RR 516.7
Foundry/LSI -0.8 1.5 4.8 -0.1 1.8 3.3 RR -15.9 47.0
SDC 0.4 5.9 7.5 1.4 6.6 7.4 -75.5 -10.0 1.3
Harman 0.3 1.5 1.6 0.5 2.1 2.2 -39.9 -29.2 -27.5
5.8 10.7 15.4 7.7 10.7 14.3 -1.9 -0.0 1.1
DX 8.4 8.1 8.2 8.2 8.1 8.1 0.1 0.1 0.1
VD/DA 2.0 2.8 4.5 2.0 2.8 4.5 0.0 -0.0 -0.0
MX/NW 10.9 10.6 9.9 11.0 10.9 9.9 -0.0 -0.3 -0.1
DS -2.3 10.2 23.4 0.1 9.8 19.9 -2.4 0.4 3.5
Memory 2.1 12.3 26.7 0.5 11.9 24.9 1.6 0.4 1.8
DRAM 21.8 26.6 38.0 19.7 29.3 39.8 2.2 -2.7 -1.8
NAND -34.1 -15.2 2.6 -33.4 -17.3 0.4 -0.7 2.1 2.2
Foundry/LSI -13.1 5.3 14.7 -0.7 5.5 8.7 -12.4 -0.2 6.1
SDC 5.2 17.7 19.6 18.3 19.7 20.5 -13.1 -2.0 -0.9
Harman 8.1 10.0 10.3 12.7 13.3 13.5 -4.7 -3.4 -3.2
:
Mirae Asset Securities Research 5
2024.2.1
4.
1Q24F 2024F 2025F 1Q24F 2024F 2025F 1Q24F 2024F 2025F
TV
( ) 9.2 39.3 41.3 10.1 42.0 43.5 -8.7 -6.4 -5.0
YoY/QoQ -13.0 2.1 5.3 -8.0 8.0 3.7 -5.0 -6.0 1.6
ASP(US$) 616 615 629 531 611 625 15.9 0.7 0.5
YoY/QoQ 3.0 1.7 2.2 -2.0 3.7 2.4 5.0 -2.0 -0.2
Smartphone
( ) 61.0 234.8 247.7 59.3 226.8 234.2 2.7 3.5 5.8
YoY/QoQ 15.0 4.4 5.5 13.0 1.0 3.3 2.0 3.4 2.2
ASP(US$) 335 305 323 321 289 304 4.5 5.5 6.5
YoY/QoQ 30.0 5.8 6.1 25.0 0.4 5.1 5.0 5.4 1.0
Mobile OLED
( ) 72.3 334.2 349.3 78.9 337.7 356.4 -8.4 -1.0 -2.0
YoY/QoQ -28.0 3.3 4.5 -12.0 7.9 5.5 -16.0 -4.7 -1.0
ASP(US$) 66.4 71.6 74.8 72.4 72.0 71.4 -8.2 -0.5 4.8
YoY/QoQ -5.0 1.2 4.4 2.0 1.2 -0.8 -7.0 -0.0 5.3
DRAM
Bit shipments( Gb) 25.4 104.3 121.4 24.5 104.2 121.6 3.7 0.1 -0.2
Bit growth -15.0 16.3 16.4 -10.0 19.7 16.8 -5.0 -3.4 -0.4
ASP($/Gb) 0.29 0.32 0.37 0.29 0.31 0.33 0.89 3.60 11.32
ASP change 10.0 32.2 14.6 10.0 28.4 6.6 0.0 3.8 7.9
NAND
Bit shipments( GB) 76.9 314.0 354.9 72.1 325.7 384.8 6.7 -3.6 -7.8
Bit growth -4.0 17.2 13.0 -10.0 21.6 18.1 6.0 -4.4 -5.1
ASP($/GB) 0.05 0.06 0.06 0.06 0.06 0.07 -5.4 -5.9 -6.2
ASP change 6.0 19.1 8.2 10.0 25.9 8.6 -4.0 -6.8 -0.3
:
1
( )
160,000
2.0x
120,000 1.7x
1.5x
1.2x
80,000
0.9x
40,000
0
10 11 12 13 14 15 16 17 18 19 20 21 22 23 24 25
:
6 Mirae Asset Securities Research
2024.2.1
(005930)
( ) ( )
( ) ( )
302,231 258,936 305,061 349,944 218,471 207,763 248,553 323,146
190,042 180,393 194,888 213,327
112,189 78,543 110,173 136,617
68,813 71,980 77,648 82,710
43,377 6,562 32,525 53,907
43,377 6,562 32,525 53,907 229,954 252,236 271,735 293,026
3,063 4,661 3,858 5,769
448,425 460,000 520,289 616,172
78,345 74,979 87,563 99,817
55,654 16,688 55,554 91,529
15,330 15,238 17,198 19,107
59,660 24,157 55,554 91,529
93,675 90,217 104,761 118,925
345,187 359,128 401,613 477,963
EBITDA
FCF
EBITDA (%)
(%) 9,563 10,655 13,914 19,284
(%) 354,750 369,783 415,527 497,247
( ) valuation ( )
( )
62,181 55,253 93,106 130,308 P/E (x)
P/CF (x)
P/B (x)
EV/EBITDA (x)
EPS ( )
CFPS ( )
BPS ( )
( ) DPS ( )
( ) (%)
( ) (%)
(%)
-31,603 -52,306 -69,985 -72,664 EBITDA (%)
( ) (%)
( ) EPS (%)
( ) ( )
( )
-19,390 -11,171 -9,809 -9,809 ( )
( ) ROA (%)
( ) ROE (%)
ROIC (%)
(%)
10,649 -3,881 11,410 45,983 (%)
/ (%)
/ (x)
: ,
Mirae Asset Securities Research 7
2024.2.1
(%)
( )
( )
(005930)
2024.01.03 105,000 - -
2023.07.10 90,000 -21.80 -11.56
2022.11.04 80,000 -20.29 -8.75
2022.06.07 84,000 -21.71 -4.17
2021.12.06 Trading Buy 84,000 -14.42 -4.17
* : , 1
: 12 20% : 12
Trading Buy : 12 10% : 12
: 12 -10~10% : 12
: 12 -10%
( ), Trading Buy( ), ( ), ( ), ( ), (▬), Not covered( )
( ) Trading Buy( ) ( )
88.55% 6.63% 4.22% 0.6%
* 2023 12 31 1
Compliance Notice
- ( ) (LP) .
- 3 .
- .
- .
,
.
. .
8 Mirae Asset Securities Research
1
1
2
0
8
6
4
2
(원
0 ,0
0 ,0
0 ,0
0 ,0
0 ,0
0 ,0
)0
0
0 0
0 0
0 0
0 0
0 0
0
2 2 .1
삼
2
성 전
3 .1
자
2 4 .1
