E quity Research 2024.1.29
(Analyst) park.junseo@miraeasset.com
066570
LG
( ) (24/1/26)
130,000 ▼ 39.0% 93,500
KOSPI 2,478.56 ( ) 15,301 ( ) 164 (%) 28.6
Report summary
4 Review: 23.1 , 3,131 ( )
4 23.1 (+5.7% YoY), 3,131 (+352% YoY) .
1) H&A HE , 2) . /
H&A
.
, 130,000
LG 130,000 . 25.0 ( 27.7
), 6.03 ( 6.27 ) . VS
.
Key data
Price performance Earnings and valuation metrics
(12 ) 2021 2022 2023P 2024F 2025F
( ) 73,908 83,467 84,228 85,970 90,234
( ) 4,058 3,551 3,549 3,838 4,600
(%) 5.5 4.3 4.2 4.5 5.1
( ) 1,032 1,196 1,395 2,272 2,859
EPS ( ) 5,705 6,616 7,716 12,562 15,808
ROE (%) 6.3 6.6 7.0 10.4 11.8
P/E ( ) 24.2 13.1 13.2 7.4 5.9
(%) 1M 6M 12M P/B ( ) 1.4 0.8 0.9 0.7 0.7
-6.5 -19.6 -4.5 (%) 0.6 0.8 0.7 0.7 0.7
-1.8 -15.9 -4.9 : K-IFRS ,
: LG ,
140
130
120
110
100
90
8023.1
LG전 자
23.5 23.9
KOSPI
24.1
LG 2024.1.29
23 4 :
4 23.1 , 3,131 .
1) H&A HE , 2) .
/ H&A
. H&A
23 B2B 20%
HE VS .
24 1 : 24
1 1 2,703 (+305.7% QoQ, -15.2% YoY) .
HE
. , . 1)
, 2) Window PC
. VS 1Q24
100 .
1. LG : ( , %)
( ) 1Q23 2Q23 3Q23 4Q23P 1Q24F 2Q24F 3Q24F 4Q24F 2023F 2024F 2025F
20,415.9 19,998.8 20,709.4 23,104.1 21,331.2 20,558.1 20,851.9 23,228.9 84,228.2 85,970.1 90,233.6
(%, QoQ) -6.6 -2.0 3.6 11.6 -7.7 -3.6 1.4 11.4
(%, YoY) -3.3 3.5 -2.2 5.7 4.5 2.8 0.7 0.5 0.9 2.1 5.0
16,261.4 16,246.8 15,735.9 15,508.9 17,258.7 16,592.7 16,546.2 15,716.7 63,753.0 66,114.2 66,446.4
H&A 8,021.7 7,985.5 7,457.4 6,674.9 8,382.7 8,052.1 7,814.4 6,888.1 30,139.5 31,137.3 31,537.5
HE 3,359.6 3,146.7 3,568.6 4,157.9 3,467.1 3,161.9 3,140.2 3,677.7 14,232.8 13,446.9 10,942.0
VS 2,386.5 2,664.5 2,503.5 2,593.1 2,701.5 3,064.3 3,351.9 3,165.6 10,147.6 12,283.3 14,967.7
BS 1,479.6 1,332.7 1,330.9 1,268.8 1,516.6 1,354.3 1,305.6 1,159.5 5,412.0 5,336.0 5,342.4
1,014.0 1,117.4 875.5 814.2 1,190.8 960.2 934.1 825.7 3,821.1 3,910.8 3,656.8
LGI 4,375.9 4,732.4 4,763.6 7,058.4 5,111.6 4,040.4 4,526.6 7,756.8 20,605.3 20,788.2 21,986.8
1,497.4 741.9 996.7 313.1 1,270.3 788.2 967.0 812.5 3,549.1 3,838.0 4,599.8
(%, QoQ) 2061.6 -50.5 34.3 -68.6 305.7 -38.0 22.7 -16.0
(%, YoY) -20.4 -13.2 33.5 352.0 -15.2 6.2 -3.0 159.5 -0.1 8.1 19.8
1,358.2 873.2 574.9 -256.6 1,169.1 728.8 723.1 287.1 2,549.7 2,908.2 3,338.9
H&A 1,018.8 622.9 385.2 -115.6 939.2 484.7 495.0 102.4 1,911.3 2,021.2 2,212.7
HE 200.3 122.7 110.6 -72.2 108.4 87.2 40.1 56.4 361.4 292.1 228.7
VS 54.0 99.5 76.9 5.7 41.7 96.2 139.3 108.6 236.1 385.7 638.8
BS 65.7 2.7 -20.0 -89.5 34.9 30.5 18.0 8.0 -41.1 91.5 119.8
19.4 25.4 22.1 15.0 45.0 30.3 30.8 11.7 81.9 117.7 138.8
LGI 145.3 18.4 183.4 483.7 107.5 63.3 248.8 529.5 830.8 949.1 1,119.10
7.3 3.7 4.8 1.4 6.0 3.8 4.6 3.5 4.2 4.5 5.1
8.4 5.4 3.7 -1.7 6.8 4.4 4.4 1.8 4.0 4.4 5.0
12.7 7.8 5.2 -1.7 11.2 6.0 6.3 1.5 6.3 6.5 7.0
6.0 3.9 3.1 -1.7 3.1 2.8 1.3 1.5 2.5 2.2 2.1
: LG ,
2 Mirae Asset Securities Research
LG 2024.1.29
1. LG 2. LG
: :
3. VS 4. VS
: :
Mirae Asset Securities Research 3
(
2
2
1
1
(
7
6
5
4
3
2
1
5
0
5
0
5
0
0
0
0
0
0
0
,0
,0
,0
,0
,0
0
0
0
0
0
0
0
0
0
0
0
0
0
)
0
0
0
0
0
0
)
1 Q 2
2
3
0 2
2
3
Q
F
Q
2
HV
o
3
& A
S
Q
3 Q 2 3 4 Q 2 3
2
F
0
1 Q 2
2 4 F
4 F 2 Q 2
H E
B S
L G I
4 F 3 Q 2 4
2
F
0
4
2
Q
5
2
F
4 F
(%
1 5
1 0
5
0
- 5
- 1
)
0
(
1 ,6 0
1 ,2 0
8 0
4 0
- 4 0
(
1 6 0 ,0
1 2 0 ,0
8 0 ,0
4 0 ,0
0
0
0
0
0
0
0
0
0
0
)
)
0
0
0
0
0
1 Q 2
H
B
3
2
&
S
1
A
2 Q 2 3 3 Q 2
2 2
3
H
4
E
Q 2 3 F
(L )
2 3
1
F
Q 2 4 F 2
2
V
L
Q
4
S
G I
2 4 F
(R )
F
3 Q 2 4 F
2 5 F
4 Q 2 4 F
(%
4 0
3 0
2 0
1 0
0 %
)
%
%
%
%
LG 2024.1.29
LG 130,000 .
25.0 ( 27.7 ), 6.03 ( 6.27 ) . VS
. , 24
VS .
P/B 5 0.7~1.5 P/B 0.7 .
24 PC webOS HW SW
. SW AI(Affectionate Intelligence) AI
.
2. LG : ( , %, )
24 EBITDA
24,989
H&A 17,424 3,111 5.6
HE 2,797 651 4.3 Skyworth, Hisense, TCL 30%
VS 3,715 953 3.9 ,
BS 1,053 263 4.0 IT
2,974
LG 1,291 37.9% 30%
LG 1,683 40.8% 30%
6,030 4Q23
810
21,123 ( + ) - +
( ) 163
129,682 ÷
130,000
93,500 1 26
39.0
: Bloomberg,
5. LG 12MF P/E 6. LG 12MF P/B
( ) (( ))
1,200,000 225500,0,00000
90.0x 1.8x1.8x
1,000,000
220000,0,00000
70.0x 1.5x1.5x
800,000
50.0x 115500,0,00000 1.2x1.2x
600,000
0.9x0.9x
400,000 30.0x 110000,0,00000
0.6x0.6x
200,000 10.0x 5500,0,00000
0
19 20 21 22 23 24
00
19 20 21 22 23 24
19 20 21 22 23 24
: Quantiwise, : Quantiwise,
4 Mirae Asset Securities Research
LG 2024.1.29
LG (066570)
( ) ( )
( ) ( )
83,467 84,228 85,970 90,234 27,488 27,001 30,433 36,000
63,231 65,099 66,423 69,264
20,236 19,129 19,547 20,970
16,685 15,579 15,709 16,370
3,551 3,549 3,838 4,600
3,551 3,549 3,838 4,600 27,668 33,079 32,721 32,743
-1,011 -1,011 -182 -5
55,156 60,079 63,154 68,743
22,333 24,031 24,492 26,694
1,863 1,660 2,736 3,443
10,332 11,589 11,593 11,664
2,609 2,202 2,736 3,443
32,664 35,620 36,085 38,358
18,992 20,767 22,911 25,642
EBITDA
FCF
EBITDA (%)
(%) 3,500 3,693 4,158 4,743
(%) 22,492 24,460 27,069 30,385
( ) valuation ( )
( )
3,108 5,753 5,712 6,282 P/E (x)
P/CF (x)
P/B (x)
EV/EBITDA (x)
EPS ( )
CFPS ( )
BPS ( )
( ) DPS ( )
( ) (%)
( ) (%)
(%)
-3,228 -8,208 -2,599 -2,559 EBITDA (%)
( ) (%)
( ) EPS (%)
( ) ( )
( )
448 1,194 221 272 ( )
( ) ROA (%)
( ) ROE (%)
ROIC (%)
(%)
271 -1,761 3,311 3,632 (%)
/ (%)
/ (x)
: LG ,
Mirae Asset Securities Research 5
LG 2024.1.29
▬
6 Mirae Asset Securities Research
2
1
1
0
5
0
5
(원
0 ,0
0 ,0
0 ,0
0 ,0
)0
0
0 0
0 0
0 0
0
2 2 .1
L G
2 3
전
.1
자
2 4 .1
