E quity Research 2024.1.17
(Analyst) songyi.bae@miraeasset.com
004170
( ) (24/1/16)
210,000 ▼ 30.3% 161,200
KOSPI 2,497.59 ( ) 1,587 ( ) 10 (%) 16.0
Report summary
4Q23 Preview:
4Q23 17,540 (YoY -21%), 1,884 (YoY +33%) .
/ , ,
. 11~12
30% .
.
. 2024 +2% .
. .
. .
Key data
Price performance Earnings and valuation metrics
120 신세계 KOSPI (12 ) 2021 2022 2023F 2024F 2025F
110 ( ) 6,316 7,813 6,391 6,745 7,129
100
( ) 517 645 622 656 710
90
(%) 8.2 8.3 9.7 9.7 10.0
80
70 ( ) 307 406 301 323 357
60 EPS ( ) 31,165 41,245 30,558 32,808 36,221
23.1 23.5 23.9 24.1
ROE (%) 8.5 10.3 7.0 7.0 7.2
P/E ( ) 8.2 5.3 5.7 4.9 4.5
(%) 1M 6M 12M P/B ( ) 0.7 0.5 0.4 0.3 0.3
-8.2 -16.3 -32.0 (%) 1.2 1.7 2.1 2.3 2.3
-5.8 -12.0 -34.6 : K-IFRS ,
: ,
2024.1.17
4Q23 Preview
4Q23 17,540 (YoY -21%), 1,884 (YoY
+33%) .
,
.
14,862 (YoY +8%), 956 (YoY -7%) .
/ , 11~12
30% . , LSD%
. ,
.
4,891 (YoY -51%, QoQ +12%), 104 (YoY , QoQ -
22%) .
.
,
. 70% ,
100% .
.
.
2024 +2%
.
.
. 2H23
.
2024 .
.
.
2 Mirae Asset Securities Research
2024.1.17
1. ( )
2020 2021 2022 2023F 2024F 2025F
4,769 6,316 7,813 6,391 6,745 7,129
1,460 1,672 1,866 1,924 1,973 2,083
1,328 1,451 1,554 1,358 1,381 1,447
229 263 324 366 383 402
DF 1,696 2,661 3,439 1,922 2,180 2,353
3,798 4,420 5,017 5,139 5,250 5,512
88 517 645 622 656 710
127 262 348 280 289 313
34 92 115 52 65 75
41 53 63 77 82 87
DF (87) 78 5 88 85 95
(118) 518 522 527 566 625
(69) 389 548 406 436 481
(103) 307 406 301 323 357
(YoY %) (25.4) 32.4 23.7 (18.2) 5.6 5.7
(6.3) 14.5 11.6 3.1 2.5 5.6
(6.8) 9.3 7.1 (12.6) 1.7 4.8
(15.9) 14.9 23.2 13.0 4.7 5.0
DF (45.8) 56.9 29.2 (44.1) 13.4 7.9
(YoY %) (81.1) 484.7 24.7 (3.6) 5.4 8.2
(42.9) 106.2 33.1 (19.5) 3.2 8.1
(60.0) 172.3 25.4 (54.6) 25.1 14.6
(44.8) 29.2 20.3 20.9 6.8 6.1
DF (93.0) 1,532.9 (3.8) 11.5
(%) 1.9 8.2 8.3 9.7 9.7 10.0
3.3 5.9 6.9 5.5 5.5 5.7
2.5 6.3 7.4 3.9 4.7 5.2
17.8 20.0 19.5 20.9 21.3 21.5
DF (5.1) 2.9 0.2 4.6 3.9 4.0
: ,
Mirae Asset Securities Research 3
2024.1.17
2. ( )
1Q23 2Q23 3Q23 4Q23F 2023 1Q24F 2Q24F 3Q24F 4Q24F 2024
1,563 1,576 1,497 1,754 6,391 1,613 1,638 1,628 1,866 6,745
462 470 455 537 1,924 479 475 466 553 1,973
312 334 316 396 1,358 316 337 322 406 1,381
84 89 94 99 366 89 92 99 104 383
DF 511 485 436 489 1,922 526 531 549 573 2,180
1,206 1,242 1,205 1,486 5,139 1,244 1,254 1,229 1,522 5,250
152 150 132 188 622 161 144 147 204 656
71 54 60 96 280 73 56 63 97 289
10 18 6 18 52 14 20 10 22 65
22 9 25 21 77 23 9 26 24 82
DF 24 40 13 10 88 19 26 21 19 85
139 98 116 173 527 139 121 125 181 566
129 79 62 137 406 107 93 96 140 436
106 56 43 95 301 88 67 67 100 323
(YoY %) (11.5) (16.0) (23.4) (20.8) (18.2) 3.2 3.9 8.7 6.4 5.6
4.3 0.6 (0.5) 7.9 3.1 3.7 1.2 2.3 3.0 2.5
(11.4) (13.0) (18.5) (7.9) (12.6) 1.1 0.9 1.9 2.4 1.7
21.3 11.4 10.3 10.6 13.0 5.2 3.0 5.0 5.5 4.7
DF (33.8) (40.3) (49.1) (50.9) (44.1) 2.8 9.5 25.9 17.2 13.4
(YoY %) (6.9) (20.2) (13.9) 33.2 (3.6) 5.7 (3.8) 11.6 8.2 5.4
(19.2) (34.2) (20.5) (7.3) (19.5) 3.2 4.0 5.1 1.5 3.2
(69.0) (52.5) (75.1) (8.6) (54.6) 35.0 6.5 68.4 24.0 25.1
42.5 33.8 10.2 11.8 20.9 5.2 3.0 5.0 12.1 6.8
DF 40.1 160.8 1532.9 (23.8) (35.0) 56.2 87.3 (3.8)
(%) 9.7 9.5 8.8 10.7 9.7 10.0 8.8 9.0 10.9 9.7
5.8 4.4 4.9 6.4 5.5 5.8 4.5 5.1 6.4 5.5
3.3 5.5 1.9 4.5 3.9 4.4 5.8 3.1 5.4 4.7
25.9 9.8 26.4 21.5 20.9 25.9 9.8 26.4 22.8 21.3
DF 4.8 8.3 3.0 2.1 4.6 3.5 4.9 3.8 3.4 3.9
: ,
4 Mirae Asset Securities Research
2024.1.17
3. Valuation Table ( , )
2024F 2025F
NOPLAT 334 358 / /
PER 9 9
3,176 3,405
NOPLAT 64 71
PER 12 12 30%
795 887
3,972 4,293
(A) 3,972 4,293
593 1 16
(%) 39
231
12,480 1 16
(%) 2
275
506
(B) 405 20%
61 65
PER 9 9
(%) 60 60
349 371
69 75
PER 9 9
(%) 25 25
164 177
513 548
(C) 411 438 20%
(D) 2,761 2022
(A+B+C-D) 2,026 2,374
( ) 9,845 9,845
( ) 205,789 241,173
( ) 205,789
iii( ) 210,000
( ) 161,200
(%) 30.3
:
Mirae Asset Securities Research 5
2024.1.17
(004170)
: ,
6 Mirae Asset Securities Research
2024.1.17
(%)
( )
( )
(004170)
2024.01.17 210,000 - -
2023.10.18 250,000 -31.35 -28.60
2023.05.30 270,000 -28.18 -20.37
2022.09.19 - -
2022.09.16 1 359,000 - -100.00
2021.09.16 359,000 -32.44 -24.23
* : , 1
: 12 20% : 12
Trading Buy : 12 10% : 12
: 12 -10~10% : 12
: 12 -10%
( ), Trading Buy( ), ( ), ( ), ( ), (▬), Not covered( )
( ) Trading Buy( ) ( )
88.55% 6.63% 4.22% 0.6%
* 2023 12 31 1
Compliance Notice
- ( ) (LP) .
- 3 .
- .
- .
,
.
. .
Mirae Asset Securities Research 7
4
3
2
1
0
0
0
0
(원
0 ,0
0 ,0
0 ,0
0 ,0
)0
0
0 0
0 0
0 0
0
2 2 .1
신
2
세 계
3 .1 2 4 .1
