E quity Research 2024.1.31
(Analyst) songyi.bae@miraeasset.com
090430
( ) (24/1/30)
180,000 32.6% 135,700
KOSPI 2,498.81 ( ) 7,937 ( ) 58 (%) 28.3
Report summary
4Q23 Review:
4Q23 9,260 (YoY -15%), 207 (YoY -64%) .
500 . .
-50% . +30% , 9% .
. 1 ,
. BEP .
.
. 2024 6,240 (YoY +30%) .
1 . .
Key data
Price performance Earnings and valuation metrics
(12 ) 2021 2022 2023F 2024F 2025F
( ) 4,863 4,135 3,674 4,286 4,781
( ) 343 214 108 371 465
(%) 7.1 5.2 2.9 8.7 9.7
( ) 194 134 180 330 394
EPS ( ) 3,312 2,299 3,079 5,642 6,738
ROE (%) 4.2 2.8 3.7 6.5 7.3
P/E ( ) 50.4 59.8 47.1 24.1 20.1
(%) 1M 6M 12M P/B ( ) 2.0 1.7 1.7 1.5 1.4
-6.4 22.5 -6.2 (%) 0.6 0.5 0.5 0.5 0.5
-0.6 27.8 -8.0 : K-IFRS ,
: ,
130
110
90
70
5023.1
아 모 레 퍼
23.5
시 픽
23.9
KOSPI
24.1
2024.1.31
4Q23 Review
4Q23 9,260 (YoY -15%), 207 (YoY
-64%) . 500
. ( +37%, +37%,
+20%), 9.3% .
5,604 (YoY -12%), 520 (YoY +17%) .
-30%, -80%
. ( , )
. .
HS% .
1,235 (YoY -45%), 500 .
. (
40% ) -50%
. .
, .
794 (YoY +37%), 75 (OPM 9.5%) .
22% .
.
2023 4,800 4,700 .
34% .
. 2024 +30% .
2 Mirae Asset Securities Research
2024.1.31
.
, .
.
. 1
,
. 2023 400 , BEP
( 2Q23 400 , 3Q23 200 ,
4Q23 500 , 1Q24F 200 , 2Q24F 100 ).
.
.
2024 6,240 (YoY +30%), 2,050 (OPM
33%) . 1 .
.
1. ( )
2020 2021 2022 2023P 2024F 2025F
4,432 4,863 4,135 3,674 4,286 4,781
2,706 3,076 2,581 2,211 2,335 2,413
2,210 2,593 2,156 1,825 1,952 2,027
496 483 425 386 383 386
1,745 1,802 1,483 1,396 1,932 2,344
143 343 214 108 371 465
117 300 218 152 193 172
113 300 211 141 182 161
5 0 7 11 11 12
18 52 8 (48) 187 308
25 298 224 281 451 517
22 181 129 174 347 398
35 194 134 180 330 394
(%) 3.2 7.1 5.2 2.9 8.6 9.7
4.3 9.8 8.5 6.9 8.3 7.1
4.2 9.7 8.2 6.4 7.8 6.7
0.9 0.0 1.6 2.9 2.9 3.0
1.0 2.9 0.6 (3.4) 9.7 13.1
(YoY %) (20.6) 9.7 (15.0) (11.1) 16.7 11.5
(26.3) 17.3 (16.8) (15.4) 7.0 3.8
(16.0) 3.3 (17.7) (5.8) 38.4 21.3
(YoY %) (66.6) 140.1 (37.6) (49.5) 242.5 25.5
(63.3) 156.0 (27.3) (30.4) 27.0 (10.6)
(82.8) 189.4 (84.2) 64.7
(YoY %) (85.3) 451.3 (30.6) 33.9 83.2 19.4
Note:
: ,
Mirae Asset Securities Research 3
2024.1.31
2. ( )
1Q23 2Q23 3Q23 4Q23P 2023 1Q24F 2Q24F 3Q24F 4Q24F 2024
914 945 889 926 3,674 951 1,099 1,085 1,151 4,286
552 555 543 560 2,211 585 593 565 592 2,335
455 459 446 465 1,825 489 500 468 495 1,952
97 96 98 96 386 96 93 97 97 383
349 372 318 357 1,396 362 501 515 554 1,932
64 6 17 21 108 70 72 91 138 371
44 37 19 52 152 60 46 39 47 193
40 31 22 48 141 56 42 40 44 182
4 5 (3) 4 11 4 4 (0) 3 11
27 (33) (8) (34) (48) 10 27 54 96 187
99 19 38 124 281 98 85 99 170 451
90 19 27 38 174 76 65 76 131 347
87 22 28 43 180 75 61 71 124 330
(%) 7.0 0.6 1.9 2.2 2.9 7.4 6.5 8.4 12.0 8.6
8.0 6.6 3.5 9.3 6.9 10.3 7.8 7.0 7.9 8.3
8.7 6.8 4.9 10.3 7.7 11.5 8.4 8.5 8.9 9.3
4.5 5.6 (2.8) 4.3 2.9 4.5 4.5 (0.3) 2.9 2.9
7.6 (8.8) (2.6) (9.4) (3.4) 2.8 5.4 10.5 17.3 9.7
(%) 10.8 2.0 4.3 13.4 7.6 10.3 7.7 9.1 14.7 10.5
(%) 9.8 2.0 3.0 4.1 4.7 8.0 5.9 7.0 11.3 8.1
(YoY %) (21.6) (0.0) (5.1) (14.9) (11.1) 4.1 16.2 22.1 24.3 16.7
(24.6) (11.6) (7.5) (11.6) (14.4) 6.0 6.8 4.0 5.6 5.6
(16.8) 27.5 (3.6) (19.2) (5.8) 3.7 34.5 62.1 55.2 38.4
(YoY %) (59.3) (8.2) (63.7) (49.5) 9.2 1,119.1 425.3 566.7 242.5
(60.8) 0.3 (35.0) 16.6 (30.4) 37.7 25.0 106.6 (9.9) 27.0
(36.8) (61.2)
(YoY %) (25.7) (171.8) 15.7 80.8 33.9 (14.2) 174.6 152.2 189.8 83.2
Note:
: ,
4 Mirae Asset Securities Research
2024.1.31
3. ( )
1Q23 2Q23 3Q23 4Q23P 1Q24F 2Q24F 3Q24F 4Q24F 2023P 2024F 2025F
914 945 889 926 951 1,099 1,085 1,151 3,674 4,286 4,781
552 555 543 560 585 593 565 592 2,211 2,335 2,413
18 18 17 12 16 16 15 11 65 57 52
89 71 76 74 85 70 75 72 310 302 306
51 52 46 44 52 52 46 45 193 194 195
83 111 125 134 129 140 139 143 453 551 575
224 213 152 211 217 228 164 234 800 844 895
349 372 318 357 362 501 515 554 1,396 1,932 2,344
275 285 235 263 264 284 246 281 1,058 1,075 1,107
151 157 117 123 136 151 122 135 549 543 557
11 13 12 15 15 16 15 19 52 65 79
63 74 71 79 84 97 95 102 287 379 476
103 158 152 413 682
YoY % (21.6) (0.0) (5.1) (14.9) 4.1 16.2 22.1 24.3 (11.1) 16.7 11.5
(24.6) (11.6) (7.5) (11.6) 6.0 6.8 4.0 5.6 (14.4) 5.6 3.4
(22.0) (15.0) (12.0) (16.9) (13.0) (11.0) (12.0) (10.3) (16.7) (11.7) (8.2)
(8.0) (8.0) (12.0) (3.0) (4.0) (2.0) (2.0) (1.7) (7.9) (2.5) 1.3
3.0 (2.0) (3.3) 7.3 0.5 0.5 0.5 0.5 1.0 0.5 0.5
(52.9) (19.6) (14.9) (29.3) 56.0 26.0 11.0 6.6 (30.4) 21.6 4.3
(23.0) (25.0) (14.0) (10.6) (3.0) 7.0 8.0 11.2 (19.0) 5.5 6.1
(16.8) 27.5 (3.6) (19.2) 3.7 34.5 62.1 55.2 (5.8) 38.4 21.3
(27.4) 14.0 (12.5) (29.5) (4.3) (0.3) 5.0 6.9 (16.7) 1.6 3.0
(48.3) 18.3 (17.9) (44.8) (10.0) (3.9) 4.0 9.0 (30.7) (1.0) 2.5
93.2 123.7 40.9 37.0 29.0 24.6 22.0 28.2 65.0 26.0 20.8
80.5 105.3 34.7 36.9 34.2 31.0 35.0 28.5 58.2 32.0 25.6
65.0
64 6 17 21 70 72 91 138 108 371 465
44 37 19 52 60 46 39 47 152 193 172
27 (33) (8) (34) 10 27 54 96 (48) 187 308
11 (38) (16) (43) (11) (9) 1 15 (85) (4) 14
2 (39) (21) (50) (19) (11) (4) 7 (107) (27) (11)
3 2 1 2 3 2 1 2 6 8 10
13 3 7 8 18 7 10 11 31 46 59
34 52 50 136 226
OPM % 7.0 0.6 1.9 2.2 7.4 6.5 8.4 12.0 2.9 8.6 9.7
8.0 6.6 3.5 9.3 10.3 7.8 7.0 7.9 6.9 8.3 7.1
7.6 (8.8) (2.6) (9.4) 2.8 5.4 10.5 17.3 (3.4) 9.7 13.1
4.0 (13.2) (6.7) (16.3) (4.0) (3.2) 0.3 5.4 (8.1) (0.3) 1.3
1.5 (25.0) (17.5) (40.2) (14.0) (7.0) (3.6) 5.1 (19.5) (5.0) (2.0)
22.0 12.0 4.2 11.0 21.0 12.1 5.9 10.3 12.0 12.2 12.3
21.0 4.5 9.6 9.5 21.0 7.0 11.0 11.1 10.8 12.2 12.4
33.0 33.1 32.9 33.0 33.1
: ,
4. Valuation Table ( )
12MF EPS 5,737
Target PER( ) 32 (2013~2015 ) 35
183,571
180,000
135,700
(%) 32.6
:
Mirae Asset Securities Research 5
2024.1.31
(090430)
6 Mirae Asset Securities Research
2024.1.31
(%)
( )
( )
(090430)
2023.11.01 180,000 - -
2023.07.27 140,000 -12.82 -4.36
2023.05.30 160,000 -36.22 -33.00
2023.03.31 - -
2022.09.30 115,000 11.80 33.04
2021.11.29 175,000 -13.38 9.14
* : , 1
: 12 20% : 12
Trading Buy : 12 10% : 12
: 12 -10~10% : 12
: 12 -10%
( ), Trading Buy( ), ( ), ( ), ( ), (▬), Not covered( )
( ) Trading Buy( ) ( )
88.55% 6.63% 4.22% 0.6%
* 2023 12 31 1
Compliance Notice
- ( ) (LP) .
- 3 .
- .
- .
,
.
. .
Mirae Asset Securities Research 7
2
2
1
1
5
0
5
0
5
(원
0 ,0
0 ,0
0 ,0
0 ,0
0 ,0
)0
0
0 0
0 0
0 0
0 0
0
2 2 .1
아
2
모 레
3 .1
퍼 시 픽
2 4 .1
