E quity Research 2024.1.16
(Analyst) soojin.kim@miraeasset.com
017670
SK
5G 1,500
( ) (24/1/15)
76,000 54.0% 49,350
KOSPI 2,525.99 ( ) 10,799 ( ) 215 (%) 41.2
Report summary
4.48 (+2% YoY), 2,940 (+15.8% YoY), 6.6%
. 23 5G 1,500
. ARPU
. B2B ,
IDC 45% 32% YoY .
, 1% .
76,000 ,
24 .
, T . CEO 1Q
. 5G 24 .
Key data
Price performance Earnings and valuation metrics
(12 ) 2021 2022 2023F 2024F 2025F
( ) 16,749 17,305 17,562 17,968 18,288
( ) 1,387 1,612 1,750 1,919 2,057
(%) 8.3 9.3 10.0 10.7 11.2
( ) 2,408 912 1,071 1,169 1,275
EPS ( ) 6,841 4,169 4,895 5,438 5,945
ROE (%) 13.6 8.0 9.4 9.9 10.3
P/E ( ) 8.5 11.4 10.2 9.1 8.3
(%) 1M 6M 12M P/B ( ) 1.1 0.9 0.9 0.9 0.8
-2.1 7.2 7.5 (%) 4.6 7.0 6.6 6.7 6.7
-0.6 11.5 1.6 : K-IFRS ,
: SK ,
120
110
100
90
8023.1
SK텔 레
23.5
콤
23.9
KOSPI
24.1
SK 2024.1.16
1. SK ( ) ( )
1Q23 2Q23 3Q23 4Q23F 1Q24F 2Q24F 3Q24F 4Q24F 2022 2023F 2024F
4,372.0 4,306.0 4,403.0 4,481.0 4,442.5 4,467.0 4,474.2 4,584.6 17,305 17,562 17,968
SK 3,117.3 3,119.3 3,179.4 3,234.2 3,172.2 3,181.1 3,225.9 3,290.0 12,090 12,404 12,869
2,627.0 2,618.0 2,654.0 2,687.2 2,683.8 2,677.9 2,696.2 2,738.4 10,571 10,586 10,796
115.4 111.5 112.6 118.5 109.8 109.4 112.7 118.7 486 458 451
374.9 389.8 412.8 428.6 378.6 393.7 416.9 432.9 1,466 1,606 1,622
SK 1,062.0 1,068.0 1,069.0 1,096.7 1,120.3 1,135.9 1,143.1 1,164.5 4,156 4,296 4,564
264.0 265.0 268.0 274.3 275.7 277.9 280.0 282.5 1,027 1,071 1,116
(IPTV+CATV) 472.0 474.0 479.0 474.9 472.7 475.4 482.0 489.6 1,883 1,900 1,920
386.0 407.0 401.0 432.4 448.1 461.7 459.9 474.2 1,626 1,626 1,844
192.7 118.8 140.0 150.0 150.0 150.0 105.2 130.0 734 602 535
3,877.4 3,843.0 3,904.6 4,186.9 3,890.0 3,963.0 3,933.3 4,263.4 15,693 15,812 16,050
617.6 590.8 614.2 675.0 593.3 604.9 604.4 678.5 2,450 2,498 2,481
1,356.2 1,352.3 1,381.1 1,498.3 1,411.8 1,445.3 1,425.0 1,557.0 5,519 5,588 5,839
933.3 948.8 927.7 974.6 936.9 946.5 951.4 985.2 3,755 3,784 3,820
494.6 463.0 498.4 294.0 552.5 504.0 540.9 321.2 1,612 1,750 1,919
11.3% 10.8% 11.3% 6.6% 12.4% 11.3% 12.1% 7.0% 9.3% 10.0% 10.7%
EBITDA 1,427.9 1,411.8 1,426.1 1,268.6 1,489.4 1,450.5 1,492.3 1,306.3 5,367.0 5,534.4 5,739
30,552 31,159 31,168 31,980 31,818 31,754 31,678 31,825
5G 14,148 14,673 15,146 15,595 16,080 16,533 16,939 17,408
ARPU 28,120 29,203 29,557 28,862 29,083 29,239 29,361 29,364
: SKT,
2. SK ( ) ( )
4Q23F 2023F 2024F 4Q23F 2023F 2024F 4Q23F 2023F 2024F
4,489 17,570 17,917 4,481 17,562 17,968 -0.2% 0.0% 0.3%
SK 3,242 12,404 12,825 3,234 12,404 12,869 -0.2% 0.0% 0.3%
2,695 10,594 10,753 2,687 10,586 10,796 -0.3% -0.1% 0.4%
118 458 451 118 458 451 0.0% 0.0% 0.0%
SK 1,097 4,296 4,556 1,097 4,296 4,564 0.0% 0.0% 0.2%
274 1,071 1,116 274 1,071 1,116 0.0% 0.0% 0.0%
IPTV 475 1,900 1,920 475 1,900 1,920 0.0% 0.0% 0.0%
B2B 432 1,626 1,835 432 1,626 1,844 0.0% 0.0% 0.5%
4,183 15,808 16,014 4,187 15,812 16,050 0.1% 0.0% 0.2%
670 2,492 2,532 675 2,498 2,481 0.8% 0.2% -2.0%
975 3,784 3,820 975 3,784 3,820 0.0% 0.0% 0.0%
306 1,762 1,902 294 1,750 1,919 -3.8% 0.0% 0.9%
6.8% 10.0% 10.6% 6.6% 10.0% 10.7% -3.6% -0.6% 0.6%
EBITDA 1,280 5,546 5,722 1,269 5,534 5,739 -0.9% -0.2% 0.3%
: SKT,
3. SK ( )
4Q23F 2024F
YoY % % YoY % %
4,481.0 2.0% 4,461.3 0.4% 17,968.3 2.3% 17,913.2 0.3%
294.0 15.8% 289.0 1.7% 1,918.6 1.5% 1,838.8 4.3%
148.0 -30.0% 14`3.5 3.1% 1,169.0 9.1% 1,079.6 8.3%
: SKT, Fnguide,
2 Mirae Asset Securities Research
SK 2024.1.16
1. DPS
: SKT,
Mirae Asset Securities Research 3
1
1
(
2
0
8
6
4
2
)
,0 0
,0 0
,0 0
,0 0
,0 0
,0 0
0
0
0
0
0
0
0
3
2
.8 %
0 1 7
1 0 0 0 0
3 .7 %
2 0 1 8
D P
4
2
S (L )
.2 %
0 1 9
4
2
.2 %
0 2 0
4
2
.6 %
3 2 9
0 2 1
5
3
6
3
2
(R )
.7 %
2 0
0 2 2
6 .7 %
3 3 2 0
2 0 2 3 E
6 .8 %
3 3 5 0
2 0 2 4 E
8
7
6
5
4
3
2
1
0
%
%
%
%
%
%
%
%
%
SK 2024.1.16
SK (017670)
( ) ( )
( ) ( )
17,305 17,562 17,968 18,288 7,219 7,186 7,355 7,191
0 0 0 0
17,305 17,562 17,968 18,288
15,693 15,812 16,050 16,231
1,612 1,750 1,919 2,057
1,612 1,750 1,919 2,057 24,089 23,850 24,378 25,290
-376 -258 -299 -287
31,308 31,035 31,733 32,482
8,047 7,291 7,421 7,507
948 1,117 1,209 1,320
11,107 11,343 11,395 11,429
642 1,069 1,209 1,320
19,153 18,633 18,816 18,936
11,318 11,575 12,049 12,634
EBITDA
FCF
EBITDA (%)
(%) 837 827 868 912
(%) 12,155 12,402 12,917 13,546
( ) valuation ( )
( )
5,159 5,972 5,110 5,200 P/E (x)
P/CF (x)
P/B (x)
EV/EBITDA (x)
EPS ( )
CFPS ( )
BPS ( )
( ) DPS ( )
( ) (%)
( ) (%)
(%)
-2,808 -3,746 -2,674 -2,643 EBITDA (%)
( ) (%)
( ) EPS (%)
( ) ( )
( )
-1,350 -2,038 -706 -706 ( )
( ) ROA (%)
( ) ROE (%)
ROIC (%)
(%)
1,010 -139 43 -246 (%)
/ (%)
/ (x)
: SK ,
4 Mirae Asset Securities Research
SK 2024.1.16
(%)
( )
( )
SK (017670)
2022.10.25 76,000 - -
2022.02.07 - -
2021.07.15 82,000 -26.90 -20.24
* : , 1
: 12 20% : 12
Trading Buy : 12 10% : 12
: 12 -10~10% : 12
: 12 -10%
( ), Trading Buy( ), ( ), ( ), ( ), (▬), Not covered( )
( ) Trading Buy( ) ( )
88.55% 6.63% 4.22% 0.6%
* 2023 12 31 1
Compliance Notice
- SK ( ) (LP) .
- 3 .
- .
- .
,
.
. .
Mirae Asset Securities Research 5
1 0
8
6
4
2
(원
0 ,0
0 ,0
0 ,0
0 ,0
0 ,0
)0
0
0 0
0 0
0 0
0 0
0
2 2 .1
S K
2 3
텔
.1
레 콤
2 4 .1
