E quity Research 2024.1.29
(Analyst) younggun.kim.a@miraeasset.com
000660
SK
( ) (24/1/26)
173,000 27.2% 136,000
KOSPI 2,478.56 ( ) 99,008 ( ) 728 (%) 53.1
Report summary
4Q23 11.3 (QoQ +24.7%), 3,460 ( ) . 4Q23
1) DRAM ASP , 2) NAND
.
2Q24 2 DRAM ASP +4%
. 3Q
. 4Q23 1) 1 DRAM B/G , 2) 2
, .
173,000
Key data
Price performance Earnings and valuation metrics
180 SK하이닉스 KOSPI (12 ) 2021 2022 2023P 2024F 2025F
160 ( ) 42,998 44,622 32,766 54,099 66,241
140 ( ) 12,410 6,809 -7,730 10,327 18,721
120 (%) 28.9 15.3 -23.6 19.1 28.3
100 ( ) 9,602 2,230 -7,745 7,240 14,268
80 EPS ( ) 13,190 3,063 -10,639 9,944 19,599
23.1 23.5 23.9 24.1
ROE (%) 16.8 3.6 -13.1 12.4 20.9
P/E ( ) 9.9 24.5 - 13.7 6.9
(%) 1M 6M 12M P/B ( ) 1.5 0.8 1.8 1.6 1.3
-3.5 20.4 47.3 (%) 1.2 1.6 0.8 0.9 0.9
1.4 25.9 46.8 : K-IFRS ,
: SK ,
SK 2024.1.29
4Q23
4Q23 11.3 (QoQ +24.7%), 3,460 (
) . , DRAM 1.6 , NAND 1.2
. ( 2,520 )
1) DRAM ASP , 2) NAND
.
4Q23 DRAM Bit growth +2% (+10%)
(+9%) .
. ASP (+14%) QoQ
+18% .
.
, NAND Bit growth -2% ( -10%)
.
, ASP (+41%) .
4 .
1Q24 11.3 (QoQ Flat), 1.3 (QoQ +36.1%)
.
1 DRAM Bit growth -15% , ASP
+15% .
24 , 54.1 (YoY +65.1%), 10.3 (
) 1 .
Conventional DRAM . HBM Graphic
DRAM , Conventional
DRAM +49% Graphic DRAM (35%)
.
2 Mirae Asset Securities Research
SK 2024.1.29
2 .
2 DRAM ASP +4% . 3
. 1
. , 3 2 ASP
.
4Q23 1) 1 DRAM Bit growth , 2) 2
,
. 173,000
. 24 BPS 87,491 Target P/B 2.0 . 24F
, Kioxia 1.4
BPS .
:
Mirae Asset Securities Research 3
SK 2024.1.29
5,088 7,306 9,066 11,306 11,318 12,414 14,419 15,947 42,998 44,622 32,766 54,099 66,241
-33.7 43.6 24.1 24.7 0.1 9.7 16.1 10.6 34.8 3.8 -26.6 65.1 22.4
2,951 4,530 6,074 7,349 7,102 7,894 9,713 11,219 30,820 28,372 20,904 35,928 46,324
1,679 2,265 2,357 3,279 3,606 3,818 3,933 3,933 10,270 14,230 9,580 15,290 16,537
-3,402 -2,882 -1,792 346 1,345 2,030 3,036 3,917 12,410 6,809 -7,730 10,327 18,721
RR RR RR TTB 288.6 50.9 49.6 29.0 147.6 -45.1 TTR TTB 81.3
-1,476 -91 607 1,617 2,200 2,873 4,019 4,999 12,531 9,478 658 14,091 21,517
-1,835 -2,689 -2,114 -1,169 -733 -703 -829 -923 143 -2,092 -7,807 -3,188 -2,120
-66.9 -39.4 -19.8 3.1 11.9 16.3 21.1 24.6 28.9 15.3 -23.6 19.1 28.3
-50.0 -2.0 10.0 22.0 31.0 36.4 41.4 44.6 40.7 33.4 3.1 39.2 46.4
-109.3 -118.7 -89.7 -35.7 -20.3 -18.4 -21.1 -23.5 1.4 -14.7 -81.5 -20.8 -12.8
155 612 1,541 3,582 4,460 5,086 6,057 6,920 23,057 20,945 5,889 22,522 30,714
-91.4 295.7 151.9 132.5 24.5 14.1 19.1 14.2 56.0 -9.2 -71.9 282.5 36.4
-3,525 -3,788 -2,470 -1,875 1,057 1,754 2,051 2,943 13,416 4,003 -11,658 7,806 14,831
RR RR RR RR TTB 66.0 16.9 43.5 115.1 -70.2 TTR TTB 90.0
-2,580 -2,991 -2,184 -1,357 843 1,313 1,474 2,116 9,602 2,230 -9,112 5,745 10,424
RR RR RR RR TTB 55.8 12.3 43.6 101.9 -76.8 TTR TTB 81.4
12,088 16,440 19,892 20,290 17,247 18,109 20,825 22,908 58,448 59,389 68,711 79,089 92,942
-18.0 36.0 21.0 2.0 -15.0 5.0 15.0 10.0 20.0 1.6 15.7 15.1 17.5
0.19 0.21 0.23 0.27 0.32 0.33 0.35 0.37 0.46 0.37 0.23 0.34 0.38
-16.4 9.4 11.1 17.7 15.0 4.0 7.0 5.0 14.2 -18.7 -37.9 47.6 11.9
27,344 40,469 42,897 42,039 43,300 44,166 45,491 45,491 85,885 126,757 152,749 178,449 189,376
-16.0 48.0 6.0 -2.0 3.0 2.0 3.0 0.0 57.0 47.6 20.5 16.8 6.1
0.05 0.04 0.04 0.06 0.06 0.07 0.07 0.07 0.10 0.09 0.05 0.06 0.07
-10.2 -11.7 -1.5 40.8 8.0 2.0 0.0 0.0 -11.2 -15.6 -45.5 35.0 3.8
1
( )
12,000
PC
Server
10,000
Graphics(HBM)
Consumer
8,000
Mobile
6,000
4,000
2,000
0
1Q20 3Q20 1Q21 3Q21 1Q22 3Q22 1Q23 3Q23 1Q24F 3Q24F
:
4 Mirae Asset Securities Research
SK 2024.1.29
4. SK
4Q23F 1Q24F 2024F 4Q23P 1Q24F 2024F 4Q23P 2023F 2024F
10,712 11,489 51,321 11,306 11,318 54,099 5.5 -1.5 5.4
QoQ/YoY 18.2 7.3 59.5 24.7 0.1 65.1 6.6 -7.2 5.6
DRAM 7,645 8,360 35,656 7,349 7,102 35,928 -3.9 -15.0 0.8
NAND 2,407 2,535 12,863 3,279 3,606 15,290 36.2 42.2 18.9
-252 1,297 9,995 346 1,345 10,327 3.3
QoQ/YoY RR TTB TTB 289 TTB - - -
DRAM 1,264 2,470 13,226 1,617 2,200 14,091 27.9 -10.9 6.5
NAND -1,384 -1,054 -2,671 -1,169 -733 -3,188 -15.6 -30.4 19.4
-2.4 11.3 19.5 3.1 11.9 19.1 5.4 0.6 -0.4
DRAM 16.5 29.5 37.1 22.0 31.0 39.2 5.5 1.5 2.1
NAND -57.5 -41.6 -20.8 -35.7 -20.3 -20.8 21.9 21.3 -0.1
EBITDA 2,961 4,471 22,519 3,582 4,460 22,522 21.0 -0.3 0.0
QoQ/YoY 92.2 51.0 327.5 132.5 24.5 282.5 40.3 -26.5 -45.0
DRAM
Bit shipments(Bil Gb) 21,683 21,249 83,472 20,290 17,247 79,089
Bit growth 9.0 -2.0 19.1 2.0 -15.0 15.1 -7.0 -13.0 -4.0
ASP($/Gb) 0.27 0.30 0.32 0.27 0.32 0.34
ASP change 14.0 12.0 40.1 17.7 15.0 47.6 3.7 3.0 7.5
NAND
Bit shipments(Bil GB) 38,607 37,449 176,123 42,039 43,300 178,449
Bit growth -10.0 -3.0 18.0 -2.0 3.0 16.8 8.0 6.0 -1.1
ASP($/GB) 0.05 0.05 0.06 0.06 0.06 0.06
ASP change 12.0 9.0 23.9 40.8 8.0 35.0 28.8 -1.0 11.1
:
2
(US$/Gb) (Premium)
Premium (R)
0.8 Graphic DRAM(HBM) 160
Conventional DRAM
0.6 120
0.4 80
0.2 40
0.0 0
1Q20 1Q21 1Q22 1Q23 1Q24F 1Q25F
:
Mirae Asset Securities Research 5
SK 2024.1.29
3
:
6 Mirae Asset Securities Research
2
2
1
1
5
0
5
0
5
0
0
0
0
0
(
,0
,0
,0
,0
,0
0
0
0
0
0
)
0
0
0
0
0
0
1 4 1 5 1 6 1 7 1 8 1 9 2 0 2 1 2 2 2 3 2 4
2
1
1
1
0
.0
.7
.4
.0
.7
x
x
x
x
x
SK 2024.1.29
SK (000660)
Mirae Asset Securities Research 7
SK 2024.1.29
▬
8 Mirae Asset Securities Research
2
1
1
0
5
0
5
(원
0 ,0
0 ,0
0 ,0
0 ,0
)0
0
0 0
0 0
0 0
0
2 2 .1
S K
2 3
하
.1
이 닉 스
2 4 .1
